sigma	D	ang	X3_gamma	X3_err	X3_p95_lo	X3_p95_hi	Z3_gamma	Z3_err	Z3_p95_lo	Z3_p95_hi	X4_gamma1	X4_err1	X4_gamma2	X4_err2	X4_gamma_eff	X4_p95_lo	X4_p95_hi	Z4_gamma1	Z4_err1	Z4_gamma2	Z4_err2	Z4_gamma_eff	Z4_p95_lo	Z4_p95_hi
0.05	7.0	0	0.0689	0.0022	-0.3529	0.3309	0.0694	0.0023	-0.3420	0.3407	0.0038	0.0013	0.0200	0.0004	0.0180	-0.0811	0.0822	0.0029	0.0011	0.0198	0.0003	0.0183	-0.0814	0.0832
0.05	7.0	20	0.0702	0.0022	-0.4053	0.4120	0.0706	0.0022	-0.4096	0.3881	0.0031	0.0010	0.0199	0.0003	0.0182	-0.0834	0.0821	0.0028	0.0008	0.0200	0.0003	0.0181	-0.0816	0.0831
0.05	7.0	40	0.0750	0.0021	-0.7368	0.7465	0.0735	0.0021	-0.6762	0.7014	0.0029	0.0009	0.0201	0.0003	0.0183	-0.0901	0.0926	0.0040	0.0017	0.0205	0.0005	0.0187	-0.0908	0.0893
0.05	7.0	60	0.0433	0.0031	-5.8287	3.6968	0.1068	0.0123	-18.0559	5.6969	0.0030	0.0015	0.0205	0.0006	0.0184	-0.1077	0.1101	0.0022	0.0012	0.0214	0.0005	0.0189	-0.1110	0.1211
0.05	13.0	0	0.0733	0.0023	-0.5522	0.5102	0.0724	0.0021	-0.4961	0.5619	0.0074	0.0007	0.0265	0.0009	0.0192	-0.1040	0.1035	0.0072	0.0008	0.0261	0.0009	0.0192	-0.1057	0.1045
0.05	13.0	20	0.0736	0.0020	-0.6007	0.6162	0.0745	0.0022	-0.6348	0.5140	0.0064	0.0007	0.0258	0.0007	0.0189	-0.1041	0.1075	0.0068	0.0006	0.0268	0.0009	0.0189	-0.1042	0.1056
0.05	13.0	40	0.0784	0.0019	-1.0303	1.2519	0.0762	0.0019	-1.0769	0.9599	0.0071	0.0010	0.0256	0.0009	0.0195	-0.1108	0.1123	0.0064	0.0007	0.0261	0.0008	0.0190	-0.1106	0.1155
0.05	13.0	60	0.1914	0.0154	-15.5310	14.2284	0.1660	0.0618	-50.0956	28.3053	0.0030	0.0009	0.0231	0.0006	0.0177	-0.1066	0.1146	0.0072	0.0012	0.0274	0.0017	0.0191	-0.1243	0.1284
0.05	20.0	0	0.0751	0.0021	-0.8803	0.9122	0.0764	0.0023	-0.9060	0.8628	0.0065	0.0005	0.0322	0.0010	0.0202	-0.1241	0.1227	0.0067	0.0006	0.0328	0.0012	0.0203	-0.1216	0.1232
0.05	20.0	20	0.0776	0.0023	-0.9645	0.9318	0.0764	0.0022	-1.0848	0.7482	0.0066	0.0005	0.0328	0.0011	0.0199	-0.1218	0.1215	0.0064	0.0004	0.0327	0.0010	0.0199	-0.1213	0.1234
0.05	20.0	40	0.0796	0.0021	-1.4611	1.2704	0.0782	0.0022	-0.9380	2.1752	0.0055	0.0005	0.0319	0.0011	0.0195	-0.1200	0.1211	0.0079	0.0007	0.0340	0.0015	0.0207	-0.1243	0.1248
0.05	20.0	60	0.1394	0.1770	-34.2121	33.0182	0.3220	0.2487	-149.1505	145.5706	0.0079	0.0012	0.0315	0.0024	0.0201	-0.1234	0.1056	0.0089	0.0014	0.0335	0.0030	0.0207	-0.1465	0.1202
0.05	30.0	0	0.0721	0.0034	-4.2256	3.7738	0.0449	0.0032	-4.7789	3.8664	0.0055	0.0004	0.0372	0.0012	0.0212	-0.1357	0.1393	0.0050	0.0005	0.0369	0.0012	0.0208	-0.1393	0.1379
0.05	30.0	20	0.0813	0.0021	-1.5723	2.4268	0.0806	0.0023	-2.0169	1.5905	0.0055	0.0004	0.0377	0.0013	0.0211	-0.1361	0.1332	0.0052	0.0005	0.0360	0.0011	0.0209	-0.1338	0.1346
0.05	30.0	40	0.0799	0.0022	-0.8730	1.1720	0.0857	0.0027	-0.4448	5.2838	0.0054	0.0005	0.0361	0.0012	0.0211	-0.1273	0.1277	0.0054	0.0005	0.0364	0.0012	0.0213	-0.1339	0.1365
0.05	30.0	60	0.2720	0.0995	-83.6551	78.2394	0.0063	0.0003	-353.7953	235.5980	0.0072	0.0014	0.0355	0.0031	0.0219	-0.1086	0.1287	0.0074	0.0007	0.0368	0.0024	0.0201	-0.1919	0.1295
0.085	7.0	0	0.1133	0.0040	-0.3806	0.3595	0.1125	0.0039	-0.3738	0.3758	0.0047	0.0020	0.0313	0.0005	0.0287	-0.1098	0.1092	0.0041	0.0019	0.0312	0.0005	0.0287	-0.1095	0.1105
0.085	7.0	20	0.1120	0.0039	-0.4300	0.4387	0.1137	0.0039	-0.4391	0.4107	0.0032	0.0010	0.0314	0.0004	0.0283	-0.1124	0.1102	0.0041	0.0011	0.0318	0.0005	0.0285	-0.1088	0.1110
0.085	7.0	40	0.1162	0.0040	-0.7586	0.7693	0.1140	0.0039	-0.6906	0.7083	0.0037	0.0011	0.0318	0.0005	0.0283	-0.1147	0.1173	0.0048	0.0021	0.0319	0.0006	0.0296	-0.1169	0.1143
0.085	7.0	60	0.1223	0.0047	-5.7884	3.7332	0.1339	0.0077	-18.0632	5.7185	0.0029	0.0022	0.0320	0.0008	0.0269	-0.1313	0.1319	0.0067	0.0117	0.0322	0.0013	0.0310	-0.1330	0.1402
0.085	13.0	0	0.1145	0.0041	-0.5736	0.5324	0.1151	0.0040	-0.5114	0.5806	0.0112	0.0010	0.0414	0.0012	0.0303	-0.1325	0.1328	0.0130	0.0013	0.0424	0.0017	0.0304	-0.1346	0.1340
0.085	13.0	20	0.1151	0.0037	-0.6142	0.6298	0.1157	0.0039	-0.6513	0.5411	0.0112	0.0010	0.0415	0.0012	0.0302	-0.1339	0.1360	0.0117	0.0009	0.0430	0.0014	0.0299	-0.1322	0.1343
0.085	13.0	40	0.1187	0.0037	-1.0359	1.2349	0.1187	0.0040	-1.1241	0.9557	0.0091	0.0009	0.0401	0.0010	0.0297	-0.1385	0.1395	0.0097	0.0011	0.0402	0.0011	0.0300	-0.1374	0.1416
0.085	13.0	60	0.0004	0.0000	-15.5280	14.2457	0.0011	0.0000	-50.1144	28.3021	0.0083	0.0023	0.0399	0.0025	0.0296	-0.1369	0.1416	0.0118	0.0024	0.0415	0.0028	0.0305	-0.1544	0.1496
0.085	20.0	0	0.1169	0.0041	-0.8896	0.9159	0.1185	0.0044	-0.9058	0.8678	0.0111	0.0007	0.0535	0.0016	0.0317	-0.1524	0.1523	0.0105	0.0008	0.0522	0.0017	0.0317	-0.1525	0.1553
0.085	20.0	20	0.1202	0.0043	-0.9925	0.9584	0.1180	0.0041	-1.0879	0.7667	0.0106	0.0007	0.0526	0.0016	0.0313	-0.1536	0.1517	0.0115	0.0008	0.0545	0.0020	0.0319	-0.1535	0.1528
0.085	20.0	40	0.1224	0.0042	-1.4628	1.2692	0.1195	0.0040	-0.9524	2.1359	0.0120	0.0010	0.0553	0.0026	0.0322	-0.1512	0.1528	0.0124	0.0010	0.0555	0.0026	0.0323	-0.1523	0.1565
0.085	20.0	60	0.1389	0.1777	-34.1954	33.0337	0.3298	0.2336	-149.1788	145.5907	0.0121	0.0023	0.0513	0.0041	0.0336	-0.1568	0.1361	0.0103	0.0016	0.0496	0.0033	0.0307	-0.1635	0.1546
0.085	30.0	0	0.1275	0.0051	-4.2263	3.7982	0.1319	0.0044	-4.7834	3.8177	0.0086	0.0006	0.0591	0.0018	0.0334	-0.1673	0.1701	0.0088	0.0007	0.0606	0.0020	0.0333	-0.1692	0.1688
0.085	30.0	20	0.1220	0.0042	-1.5780	2.4317	0.1218	0.0042	-1.9983	1.5449	0.0079	0.0006	0.0597	0.0018	0.0325	-0.1676	0.1664	0.0078	0.0005	0.0580	0.0016	0.0324	-0.1659	0.1676
0.085	30.0	40	0.1228	0.0043	-0.8872	1.1678	0.1254	0.0044	-0.4726	5.3296	0.0088	0.0007	0.0598	0.0022	0.0336	-0.1616	0.1593	0.0081	0.0006	0.0577	0.0018	0.0331	-0.1642	0.1694
0.085	30.0	60	0.2972	0.0681	-83.6577	78.2602	0.0063	0.0003	-353.7863	235.6020	0.0041	0.0010	0.0531	0.0034	0.0247	-0.1506	0.1591	0.0097	0.0013	0.0625	0.0054	0.0306	-0.2181	0.1602
0.13	7.0	0	0.1716	0.0055	-0.4600	0.4496	0.1703	0.0056	-0.4624	0.4590	0.0051	0.0017	0.0460	0.0007	0.0406	-0.1505	0.1510	0.0026	0.0022	0.0457	0.0005	0.0396	-0.1509	0.1521
0.13	7.0	20	0.1681	0.0055	-0.4937	0.5050	0.1717	0.0057	-0.5056	0.4814	0.0037	0.0023	0.0462	0.0006	0.0410	-0.1534	0.1528	0.0058	0.0020	0.0466	0.0007	0.0415	-0.1505	0.1508
0.13	7.0	40	0.1688	0.0062	-0.7885	0.7912	0.1658	0.0058	-0.7186	0.7405	0.0068	0.0020	0.0472	0.0009	0.0418	-0.1551	0.1579	0.0060	0.0027	0.0468	0.0009	0.0419	-0.1571	0.1566
0.13	7.0	60	0.1812	0.0065	-5.7388	3.7273	0.0005	0.0000	-18.0726	5.6772	0.0059	0.0028	0.0486	0.0014	0.0412	-0.1724	0.1713	0.0000	0.0000	0.0474	0.0007	0.0001	-0.1756	0.1815
0.13	13.0	0	0.1696	0.0061	-0.6197	0.5914	0.1710	0.0061	-0.5767	0.6269	0.0158	0.0015	0.0596	0.0017	0.0444	-0.1782	0.1795	0.0181	0.0017	0.0618	0.0022	0.0441	-0.1811	0.1809
0.13	13.0	20	0.1696	0.0057	-0.6611	0.6616	0.1709	0.0058	-0.6878	0.5807	0.0166	0.0015	0.0607	0.0018	0.0444	-0.1811	0.1803	0.0190	0.0015	0.0632	0.0022	0.0445	-0.1779	0.1800
0.13	13.0	40	0.1703	0.0060	-1.0491	1.2471	0.1729	0.0064	-1.0979	0.9642	0.0170	0.0018	0.0621	0.0024	0.0443	-0.1845	0.1860	0.0161	0.0015	0.0623	0.0021	0.0437	-0.1852	0.1856
0.13	13.0	60	0.0004	0.0000	-15.5157	14.2671	0.1753	0.0638	-50.1386	28.2952	0.0082	0.0016	0.0560	0.0020	0.0416	-0.1914	0.1860	0.0134	0.0023	0.0600	0.0030	0.0428	-0.1982	0.1979
0.13	20.0	0	0.1707	0.0065	-0.9301	0.9394	0.1721	0.0067	-0.9169	0.8971	0.0167	0.0009	0.0807	0.0025	0.0465	-0.2022	0.2043	0.0161	0.0010	0.0780	0.0024	0.0466	-0.2034	0.2069
0.13	20.0	20	0.1743	0.0068	-1.0070	0.9958	0.1736	0.0066	-1.0908	0.7918	0.0170	0.0010	0.0800	0.0026	0.0467	-0.2037	0.2024	0.0168	0.0010	0.0804	0.0027	0.0465	-0.2036	0.2026
0.13	20.0	40	0.1782	0.0071	-1.4535	1.2917	0.1724	0.0063	-0.9715	2.1810	0.0160	0.0013	0.0795	0.0033	0.0466	-0.2021	0.2025	0.0177	0.0012	0.0808	0.0032	0.0473	-0.2042	0.2052
0.13	20.0	60	0.1567	0.1575	-34.1739	33.0538	0.3327	0.2258	-149.2151	145.6167	0.0198	0.0036	0.0803	0.0078	0.0504	-0.2092	0.1899	0.0140	0.0023	0.0711	0.0045	0.0453	-0.2208	0.2159
0.13	30.0	0	0.1833	0.0072	-4.2107	3.8204	0.1816	0.0070	-4.7945	3.7592	0.0123	0.0008	0.0875	0.0025	0.0485	-0.2223	0.2236	0.0139	0.0010	0.0904	0.0030	0.0501	-0.2231	0.2226
0.13	30.0	20	0.1749	0.0065	-1.5922	2.3760	0.1761	0.0068	-2.0453	1.5547	0.0127	0.0008	0.0903	0.0027	0.0493	-0.2227	0.2198	0.0124	0.0008	0.0873	0.0026	0.0482	-0.2222	0.2213
0.13	30.0	40	0.1787	0.0069	-0.9016	1.2227	0.1840	0.0065	-0.5283	5.3372	0.0144	0.0012	0.0922	0.0039	0.0505	-0.2152	0.2132	0.0132	0.0010	0.0887	0.0031	0.0484	-0.2212	0.2220
0.13	30.0	60	0.2723	0.1043	-83.6611	78.2869	0.0063	0.0003	-353.7748	235.6071	0.0116	0.0017	0.0864	0.0055	0.0467	-0.2119	0.2214	0.0133	0.0019	0.0985	0.0086	0.0466	-0.2496	0.2200
0.2	7.0	0	0.2617	0.0078	-0.6277	0.6199	0.2618	0.0081	-0.6338	0.6209	0.0062	0.0029	0.0681	0.0009	0.0602	-0.2191	0.2194	0.0042	0.0031	0.0682	0.0008	0.0600	-0.2196	0.2191
0.2	7.0	20	0.2574	0.0080	-0.6433	0.6719	0.2613	0.0083	-0.6694	0.6495	0.0085	0.0054	0.0686	0.0011	0.0642	-0.2213	0.2209	0.0105	0.0039	0.0696	0.0012	0.0634	-0.2175	0.2196
0.2	7.0	40	0.2550	0.0092	-0.8698	0.8657	0.2510	0.0086	-0.8170	0.8299	0.0127	0.0066	0.0698	0.0017	0.0645	-0.2230	0.2270	0.0091	0.0029	0.0701	0.0013	0.0617	-0.2261	0.2222
0.2	7.0	60	0.2540	0.0102	-5.7916	3.7824	0.1718	0.0148	-18.0871	5.6501	0.0041	0.0017	0.0697	0.0014	0.0586	-0.2474	0.2395	0.0123	0.0119	0.0712	0.0023	0.0669	-0.2482	0.2451
0.2	13.0	0	0.2586	0.0087	-0.7454	0.7329	0.2607	0.0087	-0.7177	0.7641	0.0208	0.0015	0.0885	0.0019	0.0643	-0.2543	0.2572	0.0229	0.0018	0.0882	0.0021	0.0648	-0.2581	0.2577
0.2	13.0	20	0.2580	0.0083	-0.7841	0.7793	0.2594	0.0082	-0.8026	0.7149	0.0220	0.0016	0.0889	0.0019	0.0651	-0.2583	0.2569	0.0287	0.0020	0.0952	0.0031	0.0661	-0.2556	0.2561
0.2	13.0	40	0.2533	0.0093	-1.1105	1.2930	0.2589	0.0101	-1.1591	1.0667	0.0278	0.0027	0.0946	0.0039	0.0664	-0.2616	0.2621	0.0282	0.0029	0.0947	0.0042	0.0667	-0.2601	0.2621
0.2	13.0	60	0.0004	0.0000	-15.4292	14.3479	0.2377	0.0345	-50.1763	28.3192	0.0146	0.0037	0.0848	0.0038	0.0643	-0.2696	0.2707	0.0328	0.0063	0.0996	0.0112	0.0672	-0.2751	0.2751
0.2	20.0	0	0.2580	0.0098	-0.9943	1.0352	0.2590	0.0097	-0.9896	0.9609	0.0255	0.0013	0.1221	0.0038	0.0699	-0.2875	0.2898	0.0240	0.0015	0.1170	0.0037	0.0696	-0.2901	0.2921
0.2	20.0	20	0.2621	0.0104	-1.0400	1.0680	0.2624	0.0100	-1.1578	0.8868	0.0249	0.0014	0.1210	0.0039	0.0691	-0.2894	0.2868	0.0224	0.0013	0.1178	0.0038	0.0676	-0.2879	0.2859
0.2	20.0	40	0.2651	0.0113	-1.4718	1.3400	0.2551	0.0095	-1.0014	2.1873	0.0237	0.0014	0.1215	0.0041	0.0690	-0.2869	0.2845	0.0279	0.0021	0.1238	0.0060	0.0710	-0.2886	0.2908
0.2	20.0	60	0.2184	0.1133	-34.1446	33.0849	0.3323	0.2167	-149.2715	145.6570	0.0169	0.0033	0.1030	0.0059	0.0684	-0.3042	0.2771	0.0083	0.0029	0.0918	0.0040	0.0586	-0.3032	0.3075
0.2	30.0	0	0.2620	0.0108	-4.2371	3.8834	0.2599	0.0106	-4.8051	3.7635	0.0193	0.0011	0.1351	0.0038	0.0728	-0.3109	0.3161	0.0203	0.0012	0.1371	0.0043	0.0740	-0.3169	0.3154
0.2	30.0	20	0.2568	0.0098	-1.6053	2.4020	0.2609	0.0107	-2.0818	1.5367	0.0189	0.0011	0.1359	0.0040	0.0736	-0.3168	0.3124	0.0188	0.0012	0.1333	0.0041	0.0721	-0.3140	0.3127
0.2	30.0	40	0.2677	0.0108	-0.9556	1.2809	0.2770	0.0105	-0.6851	5.3907	0.0193	0.0013	0.1357	0.0045	0.0741	-0.3061	0.3028	0.0176	0.0013	0.1293	0.0041	0.0714	-0.3122	0.3089
0.2	30.0	60	0.2061	0.1844	-83.6545	78.3286	0.0060	0.0002	-353.7568	235.6151	0.0120	0.0020	0.1253	0.0072	0.0637	-0.3125	0.3186	0.0206	0.0031	0.1444	0.0129	0.0725	-0.3484	0.3248
